10	34	0	63
37	20	1	76
38	45	1	107
33	51	1	91
37	46	1	79
37	51	1	64
33	48	1	106
37	27	1	62
7	21	0	15
44	48	1	86
13	20	0	79
36	49	1	79
6	20	0	18
1	20	0	62
1	37	0	71
11	29	0	59
40	45	1	68
34	49	1	70
39	24	1	71
38	23	1	95
15	20	0	54
1	24	0	65
49	53	1	100
9	27	0	65
36	50	1	102
40	40	1	72
32	53	1	105
5	35	0	65
41	34	1	58
35	52	1	100
34	53	1	72
32	23	1	73
38	50	1	72
8	33	0	15
45	43	1	104
8	20	0	68
39	42	1	65
6	24	0	64
36	23	1	75
9	29	0	61
30	37	1	74
43	43	1	103
35	24	1	91
32	25	1	69
40	50	1	103
6	20	0	24
7	27	0	71
1	20	0	34
34	48	1	70
4	26	0	73
8	30	0	52
5	20	0	65
12	20	0	59
23	53	1	58
34	50	1	57
8	27	0	64
11	47	1	78
38	51	1	74
8	38	0	54
42	45	1	107
10	28	0	62
9	24	0	15
30	53	1	71
4	20	0	65
9	26	0	18
32	59	1	104
34	49	1	103
28	30	1	112
28	47	1	72
33	49	1	67
7	26	0	56
44	50	1	62
32	45	1	78
80	40	1	74
36	49	1	112
8	31	0	24
45	53	1	77
11	34	0	18
45	53	1	112
5	20	0	66
39	45	1	59
8	20	0	68
35	56	1	72
3	28	0	57
45	31	1	76
7	20	0	72
33	49	1	103
43	37	1	77
4	22	0	65
26	51	1	67
3	20	0	69
5	30	0	80
36	20	1	94
41	20	1	70
8	29	0	64
4	21	0	65
36	47	1	82
14	25	0	56
29	46	1	68
40	54	1	81
32	20	1	73
7	24	0	65
35	43	1	107
43	44	1	112
3	20	0	75
29	26	1	69
35	46	1	75
5	20	0	34
39	42	1	66
39	43	1	74
41	50	1	67
3	32	0	69
38	50	1	109
38	31	1	59
80	50	1	105
8	25	0	67
7	47	0	66
37	47	1	92
42	54	1	78
43	28	1	74
32	52	1	67
34	52	1	76
7	43	1	54
8	32	0	58
32	57	1	63
39	44	1	112
45	60	1	107
40	37	1	103
43	57	1	103
10	28	0	15
46	43	1	99
11	23	0	59
80	31	1	71
33	60	1	70
6	20	0	75
40	46	1	112
39	51	1	106
37	48	1	77
8	52	0	62
41	51	1	110
9	26	0	69
40	49	1	60
64	40	1	112
43	45	1	60
36	49	1	61
13	29	0	56
38	43	1	74
44	56	1	69
46	51	1	101
44	36	1	92
39	23	1	74
41	58	1	62
27	31	1	74
44	49	1	69
15	24	0	62
28	48	1	98
30	55	1	73
37	43	1	75
35	50	1	67
36	56	1	75
7	26	0	61
6	33	0	51
10	42	0	76
33	46	1	64
42	38	1	67
42	54	1	99
42	40	1	99
9	25	0	57
6	20	0	68
42	43	1	53
43	40	1	104
29	47	1	101
7	20	0	66
5	20	0	59
7	20	0	31
1	20	0	71
43	27	1	112
11	37	0	69
10	20	0	61
42	38	1	78
38	45	1	70
5	20	0	76
37	46	1	64
42	45	1	90
33	47	1	73
5	39	1	79
38	37	1	85
35	49	1	79
7	29	0	74
9	44	0	62
33	42	1	100
39	25	1	112
5	20	0	72
11	21	0	33
13	35	0	61
41	52	1	82
9	23	0	71
40	50	1	71
36	60	1	103
42	60	1	95
42	50	1	75
5	20	0	64
40	46	1	104
45	57	1	98
3	29	0	67
36	37	1	60
13	20	0	55
3	20	0	68
28	53	1	75
30	27	1	67
42	46	1	104
39	40	1	88
12	31	0	19
6	20	0	51
39	51	1	76
10	23	0	21
1	25	0	69
10	20	0	60
28	50	1	101
8	20	0	66
45	30	1	81
35	23	1	83
35	28	1	65
33	44	1	99
2	20	0	75
42	31	1	75
40	42	1	112
38	48	1	68
40	48	1	80
44	49	1	70
32	32	1	99
36	27	1	65
32	56	1	93
40	44	1	71
39	48	1	63
8	20	0	63
31	43	1	71
42	43	1	96
38	25	1	89
5	22	0	68
29	39	1	74
39	54	1	74
11	20	0	62
41	20	1	107
13	45	1	104
10	25	0	74
41	47	1	80
41	59	1	74
36	30	1	75
34	55	1	64
39	30	1	68
24	55	1	64
42	50	1	95
7	25	0	15
37	42	1	75
10	20	0	43
37	55	1	66
38	53	1	71
2	49	0	17
9	22	0	16
39	30	1	65
9	20	0	63
45	40	1	65
6	20	0	24
4	20	0	66
13	29	0	15
45	60	1	67
9	29	0	69
36	24	1	75
30	40	1	73
9	26	1	40
34	20	1	60
42	46	1	85
9	20	0	61
46	44	1	74
11	20	0	24
35	32	1	76
3	20	0	61
13	21	0	71
33	49	1	106
1	25	0	66
33	57	1	64
11	20	0	42
43	46	1	69
5	45	0	63
5	22	0	61
7	22	0	60
35	43	1	73
39	23	1	62
36	51	1	105
41	46	1	67
42	32	1	76
53	26	1	71
41	36	1	112
29	47	1	71
40	50	1	100
45	55	1	67
9	20	0	63
41	52	1	101
34	44	1	103
35	36	1	76
28	59	1	73
11	27	0	62
43	43	1	112
3	58	0	57
30	51	1	69
31	53	1	104
7	23	0	57
35	45	1	101
40	38	1	65
14	23	0	54
32	56	1	69
11	20	0	29
38	38	1	64
33	46	1	60
38	29	1	69
7	34	0	22
35	36	1	71
11	23	0	67
41	47	1	69
40	57	1	56
10	31	0	45
28	48	1	66
42	56	1	104
14	24	0	33
37	49	1	112
39	35	1	107
4	20	0	70
12	20	0	78
33	35	1	55
31	25	1	107
80	37	1	109
27	48	1	59
36	28	1	78
4	50	0	59
39	49	1	70
11	33	0	61
15	20	0	64
40	32	1	68
5	33	0	59
9	42	0	76
36	58	1	107
42	48	1	71
42	59	1	71
40	52	1	109
37	25	1	69
39	52	1	109
9	30	0	71
1	20	0	62
36	44	1	102
33	42	1	103
38	33	1	70
35	49	1	105
3	45	0	67
7	20	0	41
4	38	0	59
37	46	1	72
34	50	1	70
5	29	0	64
39	46	1	68
4	20	0	66
44	45	1	105
1	20	0	19
40	48	1	74
6	23	0	60
37	27	1	72
35	23	1	77
36	58	1	106
4	51	0	65
36	42	1	112
8	31	0	66
8	20	0	60
42	44	1	68
33	42	1	80
11	24	0	65
32	58	1	99
34	20	1	77
42	52	1	112
34	26	1	71
35	35	1	107
32	43	1	112
13	26	0	36
7	20	0	63
41	53	1	109
6	20	0	62
4	20	0	58
38	49	1	72
34	56	1	63
11	24	0	60
8	32	0	57
30	32	1	77
10	20	0	66
5	29	0	73
28	29	1	111
37	53	1	100
33	38	1	104
40	37	1	77
46	42	1	75
36	45	1	67
38	53	1	69
38	49	1	56
43	48	1	101
2	20	0	73
43	47	1	80
41	38	1	107
6	26	0	24
7	20	0	62
39	25	1	68
10	30	0	61
41	46	1	100
30	27	1	73
42	50	1	71
36	52	1	65
34	47	1	70
36	47	1	73
5	26	1	72
13	20	0	66
16	20	0	32
39	51	1	72
40	44	1	97
29	50	1	75
36	36	1	63
9	23	0	64
31	40	1	62
2	24	0	18
2	20	0	34
34	60	1	73
3	20	0	24
12	20	0	65
39	49	1	75
38	35	1	68
44	43	1	63
8	24	0	68
21	26	1	69
34	60	1	66
4	25	0	15
11	20	0	29
5	38	0	66
42	43	1	72
6	25	0	20
44	48	1	99
36	52	1	97
4	27	0	71
38	44	1	73
44	37	1	72
31	45	1	76
7	20	0	70
5	20	0	55
13	20	0	77
33	46	1	79
39	47	1	55
40	43	1	66
2	27	0	74
10	20	0	63
38	42	1	66
13	22	0	65
10	27	0	55
3	20	0	20
1	20	0	15
37	30	1	93
4	29	0	67
33	45	1	69
40	47	1	72
34	43	1	69
44	48	1	73
3	31	0	21
1	28	0	60
47	44	1	92
15	20	0	20
10	23	0	60
5	20	0	23
6	27	0	69
8	25	0	63
3	20	0	23
33	49	1	61
42	50	1	111
42	53	1	75
4	28	0	73
1	20	0	67
8	23	0	69
39	24	1	75
41	49	1	63
36	42	1	105
42	48	1	112
6	28	0	59
32	23	1	106
25	46	1	70
34	50	1	65
9	26	0	70
45	38	1	96
48	41	1	77
3	40	0	73
1	20	0	66
80	20	0	44
31	58	1	94
33	27	1	61
40	48	1	74
7	20	0	27
37	48	1	61
39	29	1	58
32	44	1	105
12	20	0	34
8	26	0	71
42	26	1	101
5	20	0	63
44	25	1	71
14	20	0	24
38	53	1	102
39	32	1	98
35	57	1	61
11	26	0	23
5	30	0	15
37	40	1	79
40	57	1	69
39	41	1	69
32	58	1	70
37	57	1	63
3	27	0	51
10	26	0	73
11	28	0	78
35	45	1	73
33	23	1	105
37	46	1	63
35	44	1	100
37	43	1	69
31	46	1	99
11	20	0	60
40	38	1	105
1	21	0	73
40	43	1	68
8	52	1	99
35	49	1	100
37	41	1	73
48	44	1	17
35	39	1	66
37	41	1	75
34	26	1	103
3	20	0	67
10	29	0	72
9	20	0	31
38	47	1	107
4	20	0	60
8	20	0	21
11	20	0	72
80	46	1	74
42	45	1	101
41	47	1	94
10	20	0	72
8	20	0	28
1	28	0	67
3	20	0	27
1	20	0	23
42	46	1	94
38	39	1	101
32	45	1	94
10	20	0	69
8	20	0	62
11	34	0	65
6	20	0	78
39	42	1	109
9	23	0	61
3	29	1	72
1	20	0	69
45	45	1	112
2	20	0	72
35	50	1	96
35	47	1	104
36	50	1	70
11	20	0	25
40	44	1	68
4	24	0	57
42	38	1	63
39	54	1	82
10	27	0	15
8	20	0	53
6	20	0	15
8	23	0	67
46	38	1	73
3	20	0	66
8	21	0	24
51	49	1	101
37	56	1	61
2	21	0	62
2	20	0	30
36	47	1	74
44	40	1	74
40	55	1	110
12	20	0	59
8	20	0	61
33	48	1	62
66	46	1	66
10	20	0	22
8	20	0	15
33	54	1	67
36	46	1	69
8	20	0	35
45	20	1	68
39	59	1	70
36	47	1	59
33	32	1	62
40	49	1	73
36	58	1	67
33	52	1	104
9	26	0	61
28	22	1	68
38	57	1	69
37	52	1	104
38	29	1	76
36	46	1	102
13	20	0	72
33	51	1	92
12	20	0	54
50	42	1	84
29	54	1	70
37	44	1	76
43	51	1	62
6	26	0	15
9	20	0	66
34	45	1	66
7	25	0	15
27	28	1	70
13	20	0	64
39	56	1	109
42	23	1	65
6	21	0	70
42	25	1	77
41	30	1	65
28	58	1	99
28	48	1	80
38	53	1	102
12	25	0	22
31	43	1	103
29	47	1	101
42	49	1	70
7	20	0	65
33	48	1	68
34	44	1	99
40	30	1	109
3	20	0	28
8	20	0	70
11	20	0	62
36	41	1	97
41	48	1	97
37	35	1	66
6	22	0	17
3	20	0	75
44	32	1	72
29	48	1	76
9	27	0	40
39	52	1	112
39	49	1	69
2	20	0	64
33	50	1	63
4	20	0	61
38	44	1	99
5	20	0	45
34	45	1	70
36	45	1	69
39	57	1	105
34	42	1	67
26	24	1	110
4	26	0	62
31	37	1	61
8	22	0	71
14	30	0	25
13	20	0	58
12	20	0	60
35	25	1	91
10	21	0	48
8	24	0	24
11	20	0	62
37	51	1	112
1	25	0	71
37	31	1	111
3	30	0	61
6	20	0	60
49	53	1	72
2	20	0	75
3	51	0	63
45	45	1	104
30	44	1	75
16	20	0	60
35	53	1	77
33	54	1	69
6	26	0	76
44	28	1	105
10	37	0	57
34	44	1	111
37	60	1	73
42	42	1	94
41	48	1	68
9	20	0	23
1	20	0	63
37	51	1	60
35	48	1	102
9	24	0	62
29	47	1	112
38	46	1	65
11	44	0	68
11	52	0	73
12	20	0	62
33	38	1	101
5	20	0	69
34	48	1	91
38	38	1	81
30	35	1	70
35	21	1	70
9	24	0	62
44	27	1	72
5	21	0	39
34	46	1	96
44	52	1	65
31	50	1	71
11	22	0	66
41	35	1	99
11	21	0	30
41	46	1	100
40	51	1	61
40	57	1	57
28	49	1	74
80	42	1	98
41	52	1	112
43	55	1	63
7	20	0	42
38	51	1	76
7	46	0	54
13	20	0	64
33	45	1	73
45	45	1	102
39	42	1	107
36	53	1	103
29	44	1	105
30	44	1	69
1	20	0	58
40	47	1	76
7	20	0	65
41	31	1	61
36	45	1	68
39	55	1	68
35	51	1	73
35	46	1	93
2	43	0	67
48	43	1	76
37	51	1	101
38	49	1	74
41	50	1	59
30	54	1	65
35	48	1	69
1	20	0	64
33	51	1	77
12	20	0	15
42	22	1	68
4	22	0	31
8	20	0	62
31	53	1	108
33	44	1	71
1	26	0	40
9	26	0	58
34	43	1	92
34	54	1	73
38	51	1	105
33	46	1	66
34	51	1	69
36	48	1	99
37	27	1	62
9	46	1	75
4	20	0	19
34	29	1	77
10	25	0	65
6	25	0	60
14	20	0	62
41	48	1	106
39	53	1	77
30	21	1	67
40	43	1	79
32	45	1	65
44	47	1	105
43	54	1	106
39	50	1	112
34	60	1	60
9	54	0	55
1	28	0	66
39	24	1	73
12	20	0	72
13	24	0	15
36	30	1	103
42	43	1	70
7	42	0	21
39	53	1	60
39	46	1	72
31	42	1	62
39	54	1	98
4	20	0	101
1	35	0	76
80	45	1	107
8	20	0	63
8	21	0	68
7	20	0	51
10	20	0	42
36	50	1	100
11	20	0	59
46	38	1	112
32	50	1	94
39	48	1	61
38	49	1	67
8	28	0	29
35	39	1	105
36	53	1	71
37	45	1	74
14	20	0	33
31	36	1	65
42	54	1	97
11	20	0	19
38	34	1	80
12	20	0	64
7	24	0	75
36	28	1	77
14	23	0	21
32	51	1	108
11	20	0	16
5	33	0	70
35	48	1	73
10	34	1	72
43	51	1	111
41	48	1	73
38	47	1	74
44	58	1	64
44	45	1	64
8	29	0	16
38	39	1	109
36	38	1	112
12	23	0	59
31	28	1	112
6	43	1	67
35	33	1	64
38	45	1	62
8	21	0	23
36	20	1	70
38	45	1	67
42	55	1	63
43	53	1	78
38	49	1	73
40	37	1	109
38	21	1	65
43	37	1	69
39	54	1	103
35	30	1	69
80	49	1	74
4	20	0	59
38	43	1	112
32	54	1	73
44	41	1	108
43	60	1	96
36	45	1	69
40	37	1	77
43	51	1	105
45	24	1	112
28	33	1	65
33	44	1	76
1	23	0	47
8	20	0	15
37	54	1	72
46	47	1	112
9	20	0	20
32	26	1	112
7	24	0	24
9	20	0	63
5	20	0	70
31	43	1	71
34	44	1	69
36	20	1	74
33	38	1	67
35	56	1	23
39	48	1	105
10	33	0	62
37	51	1	96
5	21	0	66
35	36	1	103
34	22	1	76
37	45	1	100
40	58	1	101
37	55	1	73
39	55	1	102
37	53	1	105
10	37	0	64
39	41	1	99
11	28	0	59
7	20	0	61
16	20	0	65
26	38	1	85
33	45	1	36
10	31	0	61
7	20	0	54
45	46	1	111
34	46	1	74
39	53	1	88
39	31	1	79
9	20	0	74
29	26	1	75
13	20	0	19
7	47	1	107
5	38	0	61
33	49	1	65
38	38	1	98
41	42	1	99
29	31	1	60
37	36	1	101
40	51	1	69
42	47	1	76
10	20	0	68
12	43	0	66
43	49	1	108
9	20	0	69
7	20	0	60
33	40	1	70
9	30	0	67
43	34	1	75
9	21	0	67
40	35	1	70
6	25	0	55
4	20	0	41
46	51	1	73
9	21	0	64
48	29	1	57
41	57	1	102
4	20	0	67
37	41	1	74
34	46	1	65
26	44	1	99
7	20	0	18
44	55	1	62
39	51	1	71
13	20	0	71
36	56	1	70
43	54	1	66
13	20	0	27
31	43	1	77
7	20	0	15
2	20	0	52
40	45	1	61
37	46	1	74
3	31	0	61
46	48	1	69
12	24	0	19
8	29	0	34
4	20	0	68
39	33	1	63
3	20	0	65
36	48	1	69
29	48	1	78
9	22	0	74
6	20	0	68
6	20	0	60
10	35	0	63
43	40	1	93
7	20	0	34
45	48	1	81
43	42	1	98
33	33	1	83
44	52	1	76
8	33	0	60
6	25	1	69
11	50	0	56
43	50	1	74
37	34	1	64
13	20	0	61
7	20	0	15
5	20	0	15
40	52	1	103
35	60	1	109
37	47	1	112
1	21	0	60
37	46	1	108
39	52	1	72
31	55	1	74
33	48	1	66
35	49	1	69
39	40	1	101
40	47	1	103
45	29	1	103
15	50	0	61
43	60	1	70
32	46	1	75
11	30	0	66
34	36	1	73
15	42	0	70
6	20	0	70
38	57	1	61
29	43	1	90
34	39	1	112
39	50	1	64
45	34	1	74
11	24	0	66
11	20	0	25
2	23	0	59
2	22	0	22
6	21	0	54
38	21	1	103
31	51	1	60
31	21	1	77